-0.1429  0.0697  0.0791
           0.0764 -0.4132  0.0649
          -0.1354  0.0362  0.1907


         0.1056  0.0265 -0.4095
          -0.0209  0.1522  0.0525
           0.1998 -0.1179 -0.0424


         0.1750 -0.3888 -0.0171
           0.2525  0.1512  0.1641
           0.1590  0.2359  0.3033


        -0.0079 -0.1889  0.1535
           0.1723  0.1409 -0.0337
           0.2163  0.2476 -0.4242


         0.2897 -0.1126  0.3109
           0.0229 -0.2147  0.2663
           0.3167  0.0325 -0.1691


         0.1454 -0.0833 -0.0778
          -0.4708  0.0564 -0.1704
           0.2873  0.1793  0.1171