0.0000  0.0000  0.1451  0.0000  0.0000  0.0000  0.0000 -0.1137
          0.1922  0.1216  0.0000  0.0000  0.0000  0.0000  0.0000  0.0000
          0.0000  0.0000  0.0000  0.0000  0.0000 -0.0510  0.2078  0.0000
         -0.0902  0.1294  0.0000  0.0000  0.0745  0.1451  0.0745  0.0000
          0.0000  0.0000  0.2078  0.1686  0.0000  0.1373  0.0000  0.0000
          0.0000  0.0196  0.2392  0.0000  0.3176 -0.0431 -0.1922  0.0000
          0.0824  0.0000 -0.0980  0.0000 -0.2157 -0.1373  0.0000 -0.0980
          0.0000  0.0000  0.0000 -0.1529  0.0000  0.1529  0.0000  0.0000
          0.0000  0.0824  0.0000  0.0000  0.0000  0.0000 -0.0510  0.0000
          0.0000  0.0000  0.0000  0.0000  0.0000  0.0000 -0.1608  0.0000
         -0.1059  0.0000  0.0000  0.0000  0.0000  0.0000  0.0431  0.0000
          0.0118  0.0000  0.0000  0.2941  0.0000 -0.1529  0.0000 -0.0588
          0.0000  0.0000  0.0000  0.0000  0.0000  0.0000  0.0902  0.0000
         -0.1922  0.0000 -0.1843  0.0000  0.0000  0.1451  0.0000  0.0118
          0.0000 -0.2000 -0.1373  0.2235  0.0000 -0.1451  0.0000 -0.1686
         -0.1294  0.0000  0.0000  0.0000  0.0000  0.0000  0.0431  0.0000
          0.0275  0.1059 -0.0431 -0.0980  0.2235  0.0000  0.0275  0.0118
          0.1216  0.0000  0.0000  0.0000  0.0000  0.0000  0.0000  0.0000
          0.0000 -0.1373  0.2235  0.0000  0.0902 -0.0353
         0.0000  0.0000  0.2392 -0.2314  0.0000  0.0275  0.0000  0.0000
          0.0000  0.0000  0.2000 -0.1529  0.0000  0.0000  0.0000  0.1216
          0.0000 -0.1373  0.0000  0.0000  0.0000  0.0000  0.3255 -0.0275
          0.0000  0.0000 -0.1843  0.0000  0.0000  0.1059  0.0000  0.0000
          0.0000 -0.1451  0.4039  0.2627  0.0000  0.0000 -0.0980  0.0000
          0.0000  0.0000  0.0275  0.0000  0.0353  0.1451  0.0000 -0.1059
          0.0000  0.0000 -0.1216  0.0000 -0.2706  0.0353  0.0000  0.0000
          0.0000  0.0196  0.0000  0.0000  0.0000  0.0431  0.0000  0.0000
          0.0000 -0.0353  0.0000  0.0000  0.0000  0.0000  0.1843 -0.0824
          0.0000  0.0000  0.0000  0.0000  0.0000  0.0000  0.0000  0.0000
          0.0000  0.0000  0.0000  0.0000  0.0000  0.0000  0.0000  0.0000
          0.0000  0.0275  0.0000  0.1608 -0.0824 -0.1686  0.0000 -0.1216
          0.2392  0.0000  0.0000 -0.2314  0.1686  0.0431  0.0000  0.0000
         -0.1059 -0.1843  0.0000 -0.0431 -0.0510  0.0000  0.0000 -0.0824
         -0.2392  0.0000  0.0000 -0.0824  0.0000  0.0000  0.0000  0.0824
          0.0000 -0.1843  0.0000  0.0431  0.0000 -0.1216  0.0000 -0.1294
         -0.0510  0.0000 -0.1451 -0.0902  0.2627  0.0000  0.1686  0.1686
          0.2471  0.0000  0.0000  0.0980  0.0000  0.0000  0.0000  0.0000
          0.0824  0.2000  0.0000  0.0000  0.0431 -0.0275
         0.0000  0.0000  0.0000 -0.0275  0.0000  0.0000  0.0000  0.0000
          0.0000  0.0000  0.0000  0.0000  0.0824  0.0196  0.1686  0.1843
          0.0000  0.0000  0.1294  0.0000  0.0000  0.0000  0.1059  0.0745
          0.0000  0.2784  0.0000 -0.0902  0.0000  0.0000  0.0000  0.1373
          0.0000 -0.0745  0.1373  0.2000  0.0000  0.0510  0.0000 -0.0667
          0.0000  0.0745  0.0902 -0.0118  0.0353  0.1294  0.0000  0.1137
          0.0000  0.0824  0.0000  0.0588 -0.2157  0.0000  0.0000  0.0000
         -0.1529  0.1765  0.0000  0.0000  0.0000  0.2549  0.0000  0.0000
          0.0000  0.0000  0.0000  0.0000 -0.1059  0.0000  0.0000  0.0000
          0.0000  0.0000  0.0196 -0.0275  0.0000  0.0000  0.0000  0.0000
          0.0000 -0.1137  0.0000  0.0000 -0.1216  0.0000  0.0000  0.0000
          0.0000  0.0000 -0.1373  0.0000  0.0000 -0.1922  0.1059  0.0000
          0.0000  0.0000  0.0000 -0.2157  0.1922  0.1608  0.0000  0.0000
          0.0000 -0.1059  0.0000  0.0000  0.0000 -0.1451 -0.0588  0.0000
          0.0000  0.0000  0.0000 -0.1686  0.0000 -0.0902 -0.1059  0.0588
         -0.0980  0.0000  0.0000 -0.0745 -0.1451  0.0510  0.0000 -0.1373
          0.0000  0.0000  0.0275  0.0000  0.1294  0.0000  0.0000  0.0000
          0.0000  0.0588 -0.0118  0.0000  0.0000 -0.1373  0.0431  0.0000
          0.2392  0.4745  0.0000  0.0275  0.0000  0.0000
         0.0000  0.0000  0.0000  0.0000  0.0000  0.0000  0.0196  0.0000
          0.0000  0.0000  0.1529  0.0588  0.0000  0.0000  0.1843  0.0000
          0.0000  0.0745  0.0980 -0.1686  0.0000  0.2078  0.0000  0.1294
         -0.0431  0.3412  0.0000  0.0902 -0.0431 -0.1216  0.0000  0.0980
          0.0000  0.0000 -0.0667  0.0000  0.0588 -0.0745 -0.0902  0.0000
          0.0000  0.0000  0.0000  0.1529  0.0000  0.0000 -0.0980  0.0000
          0.0000  0.0431  0.1922  0.0000  0.0000  0.0000 -0.0745  0.0000
          0.0000  0.1137  0.0000  0.0000  0.0000  0.0000  0.0000  0.0000
          0.0000  0.0118 -0.1529  0.0000  0.0000  0.0000  0.0000  0.0000
          0.0000  0.0196  0.1529  0.1059  0.0000  0.0510  0.0000  0.0000
          0.0000  0.0000  0.0000  0.0000  0.0000  0.0000 -0.1137  0.0000
          0.0000 -0.1529  0.1373  0.1922 -0.0510 -0.1373  0.0000  0.0000
          0.1216 -0.2000  0.0745 -0.1608 -0.1216  0.0000  0.0000  0.0000
         -0.0431  0.0000  0.0000  0.0000  0.0000  0.0000  0.2941  0.0000
          0.0000  0.1294  0.0000  0.0196  0.0000 -0.0980  0.0000  0.0000
          0.0000  0.3725  0.0000  0.0000 -0.2941  0.3804  0.0000 -0.2235
          0.0902  0.0000 -0.0510  0.0000  0.0000 -0.2706  0.0745  0.0000
          0.1451  0.0000  0.0000  0.0000  0.0000  0.0000  0.0196  0.0196
          0.0000  0.5608  0.0000  0.0000  0.0000  0.0000
         0.0000  0.0000  0.0000  0.0000  0.0000  0.0000 -0.0902  0.0000
          0.0588  0.0000  0.0667  0.0000 -0.0824  0.0000  0.0000 -0.0431
          0.0000  0.0000  0.0353  0.0000  0.0000  0.0510  0.0000 -0.1843
          0.0000  0.0000  0.0000  0.0902  0.2157  0.0000  0.2627 -0.0745
          0.0000  0.0000  0.0353  0.0000  0.0000  0.0000  0.0980 -0.2157
         -0.0745  0.0902  0.0824  0.2941  0.0000  0.0000  0.0000  0.0353
         -0.1451  0.0000  0.0000  0.0000  0.0000  0.0000  0.1686  0.0000
          0.1451  0.0000  0.0000 -0.0275  0.0510  0.0000 -0.0902  0.0824
          0.0000  0.1294  0.0000 -0.0118  0.1843  0.0000 -0.0431  0.0000
          0.0000  0.0000  0.0000 -0.1059  0.0000  0.0000  0.1216  0.1059
          0.0000  0.0000  0.0000  0.0000  0.0000 -0.0431  0.0000  0.0000
          0.0000  0.0000  0.0000  0.0000  0.0000  0.0000  0.3490  0.0000
          0.0824  0.0000  0.2706 -0.0902 -0.0510  0.0000 -0.1059  0.0000
          0.0000  0.0000  0.2471  0.0000  0.0000 -0.2157  0.0000  0.0000
          0.0000  0.0000  0.0431  0.0000 -0.0353 -0.0824  0.0000  0.4510
         -0.0980  0.0000  0.0000  0.2392  0.0000 -0.0118  0.0000  0.0000
          0.1137  0.0000  0.1529  0.0000  0.0000 -0.2078  0.0000  0.0000
          0.0000  0.0000  0.0000  0.0000  0.0000  0.0000  0.0000 -0.0902
         -0.0745  0.1451  0.0000  0.0000 -0.0824  0.0980
         0.0000  0.1686  0.0000 -0.0431  0.0000 -0.0980  0.0000 -0.1294
          0.0000  0.0000  0.0000  0.0000  0.0000  0.0000  0.1294  0.0000
          0.0000 -0.1373  0.0000  0.0000  0.0000  0.0000  0.0000  0.0000
          0.0000  0.0000 -0.0824 -0.0902  0.2157 -0.2941  0.0000 -0.0588
          0.0000  0.0000 -0.3961  0.0000 -0.1059 -0.1922  0.0000 -0.1922
          0.0000 -0.2157 -0.1529  0.0000  0.0000  0.0000 -0.3490 -0.1373
          0.0000  0.0000  0.3098  0.3961  0.0000  0.0510  0.3412  0.0000
          0.4353  0.1451  0.0000  0.0000 -0.1137  0.0000  0.0000  0.1765
          0.0000  0.0000  0.0000  0.0000  0.0000  0.2157  0.0000  0.1765
         -0.1451 -0.1294 -0.2078  0.0000  0.0000  0.2941  0.0000  0.1059
          0.0000  0.0000  0.0000  0.3647 -0.1529  0.0000  0.0000  0.0000
          0.0000  0.0000  0.0000 -0.1294  0.0000 -0.1765  0.2000  0.0000
         -0.0275  0.0000  0.2627  0.0000  0.0000  0.0000  0.0000  0.0000
          0.1686  0.0000  0.3176 -0.0824  0.3333  0.0000  0.0000  0.0000
          0.0000  0.0000  0.0980  0.0000  0.0000  0.0000  0.0000  0.0000
         -0.0275  0.0353  0.0000  0.3255  0.0000 -0.0667  0.0000  0.0353
          0.0000  0.0000  0.0000  0.0000  0.0000 -0.1373 -0.1686  0.0000
          0.0980  0.0000  0.2235 -0.1451  0.0000  0.0000 -0.2078 -0.1216
          0.0000  0.0000  0.1765  0.0000  0.0000 -0.0431
        -0.1686  0.1843  0.0000  0.0000 -0.0980 -0.0980  0.0667  0.0431
          0.0000  0.1608 -0.2392  0.0118  0.0000  0.0000  0.0000  0.0000
          0.0000  0.0000  0.0000  0.0000  0.0000 -0.1529  0.0000  0.0000
          0.0000 -0.1451 -0.0431  0.0000  0.4667 -0.3569  0.0000 -0.3176
          0.0000  0.0000 -0.2863  0.0000  0.0000  0.0000  0.0000 -0.1608
          0.0000  0.0000  0.0000  0.0980 -0.1608  0.0000  0.0000  0.0000
          0.0000  0.0000  0.0000  0.0000  0.0000  0.3412  0.5216  0.0000
          0.1765  0.0000  0.0000  0.0000  0.0000  0.0000  0.0000  0.0000
          0.2549  0.0000  0.0000  0.2392  0.2863  0.0000  0.1686  0.0000
         -0.0902  0.0000  0.0510 -0.1765 -0.1059  0.0510 -0.0353  0.1686
         -0.1529  0.1922  0.0000  0.0000  0.0000  0.0000  0.0000  0.0000
          0.2941  0.0000  0.0000 -0.2078  0.0000  0.1608  0.0667  0.0196
          0.2235  0.0000  0.0000  0.0000  0.0000  0.0000  0.0000 -0.0745
          0.0000 -0.0980  0.2706  0.0824  0.1451  0.3020  0.0000 -0.0902
          0.0000  0.0000  0.0000  0.0000 -0.0824  0.0000  0.0000  0.0000
          0.0000  0.0588 -0.0824  0.0000  0.0902  0.0000  0.0000 -0.1686
          0.1137 -0.1608 -0.0588  0.0000  0.0000  0.0000  0.0000  0.0000
          0.0000  0.0000  0.0667  0.0000  0.0000 -0.1843  0.0824  0.0000
          0.0000  0.0000  0.0000  0.0000 -0.1137  0.0000
        -0.1843  0.1216  0.0000  0.0824  0.0588  0.0000  0.0000  0.0000
          0.0000  0.1373  0.0000  0.0000  0.0000  0.0902  0.0000  0.0000
          0.0000  0.0000  0.0000  0.0745  0.1529  0.0000  0.0000  0.0000
          0.0000  0.2549  0.0000  0.1686  0.2471  0.0000  0.1451 -0.2549
          0.0000  0.0000 -0.4353  0.0000  0.0000 -0.0980 -0.0902  0.0000
          0.0000 -0.0431  0.0667  0.0000 -0.2392 -0.1922  0.0000  0.0000
          0.0000  0.0000  0.0000  0.0000  0.0000  0.0000  0.2706 -0.2000
          0.0000  0.0000 -0.1843  0.0000 -0.1294  0.0000  0.1686  0.0667
         -0.0667  0.0431  0.0275  0.0000  0.3176  0.0510  0.1608  0.0000
          0.0000  0.0000  0.0000  0.0000  0.1686  0.0000  0.0000  0.1137
         -0.2157  0.0000  0.0000  0.0000 -0.2471  0.0000  0.0000  0.0000
          0.0000  0.0000  0.0000  0.0000  0.0000  0.2392  0.0510  0.0000
         -0.1922  0.1451 -0.1686  0.0000 -0.1294  0.0000  0.0000  0.1529
          0.2471 -0.2549  0.0000  0.0000  0.3020  0.2235  0.0000  0.0000
          0.0000  0.1843  0.1608  0.0980  0.0000  0.0000  0.0000  0.0196
          0.3804  0.0000  0.0000  0.0000  0.0000  0.3176  0.0000  0.0000
          0.0000 -0.2314  0.0000  0.0510  0.0000  0.0000  0.0000  0.0000
         -0.2157  0.0000  0.0000  0.0000  0.0000  0.0000 -0.0275  0.0000
          0.0000  0.0000  0.0000  0.0000 -0.1137 -0.0980
        -0.1922  0.0000  0.0000  0.0824 -0.0431  0.0000  0.0000  0.2471
          0.0000  0.0275  0.0000  0.0000  0.1451  0.0000  0.0000 -0.0510
          0.0000  0.0353  0.0000  0.0000  0.2863  0.0000  0.0000  0.0000
         -0.0588 -0.0431  0.0000 -0.1059  0.0353  0.0000  0.0000  0.0000
         -0.1059 -0.1922  0.0000  0.0000  0.0000  0.0000  0.0980  0.0000
          0.0000 -0.1294 -0.0510 -0.0353  0.0000  0.0000  0.0745  0.0000
          0.0000  0.0000 -0.3255 -0.1216 -0.0118  0.0000  0.1686  0.0000
         -0.0745  0.0000  0.0000  0.0000 -0.1529  0.0000  0.0000  0.0000
          0.0902  0.0000  0.0000  0.0000  0.0000  0.0000  0.0000  0.2000
          0.2784  0.0000  0.2078  0.0000 -0.1765  0.0000 -0.0118  0.1765
          0.0000  0.0588  0.0000  0.0000  0.0000  0.0000  0.0000  0.0824
          0.0000  0.0000  0.0000  0.0000  0.0000  0.0000  0.0000  0.0000
          0.0000 -0.0510 -0.0196  0.0000  0.0000  0.0000  0.0000  0.0667
          0.2314 -0.3647 -0.0196  0.0000  0.1451  0.0000 -0.2157  0.0000
          0.0196  0.1294  0.0000  0.0000 -0.2078  0.1765  0.0000  0.1843
          0.0510  0.0000  0.0000  0.0000  0.3569  0.1373 -0.0196  0.0000
          0.0000  0.0000  0.0000  0.2471  0.0000  0.2392  0.0000  0.0000
          0.1608  0.0000  0.0000  0.0000  0.0000  0.0000  0.0000  0.0000
         -0.1451  0.0000  0.1373  0.0000  0.0000 -0.1373
         0.0000 -0.1059  0.0196  0.0000  0.0000  0.0000  0.0000  0.0588
          0.0000  0.0000 -0.0745  0.0000  0.0000  0.0980  0.0000  0.0000
          0.0353  0.1765 -0.1529  0.0667  0.0000  0.0000  0.0000  0.0000
          0.0000 -0.1529  0.0510  0.0588  0.0000  0.0000  0.1529  0.0000
          0.0000  0.0000  0.0000  0.0667  0.0588  0.0000  0.2549  0.0745
          0.0000  0.0000  0.0000  0.0000  0.0588  0.0000  0.2314 -0.0118
          0.0745  0.0000  0.0000  0.0000 -0.0510  0.0000  0.0000  0.0000
          0.0510 -0.1765  0.0000  0.0000  0.0000 -0.1294 -0.1216  0.0000
          0.1529  0.1137 -0.1216  0.0000  0.0000  0.0000  0.0000  0.0000
          0.0000  0.0000  0.0588  0.0588 -0.0118 -0.1529  0.0000  0.0000
          0.0000 -0.0196  0.0431 -0.1059  0.0000  0.0000  0.0000  0.0000
          0.0745 -0.0980  0.0000  0.0000 -0.1451  0.0000  0.0000  0.0000
          0.0000  0.0000 -0.1451  0.0000 -0.1216 -0.0196  0.0000  0.0980
          0.1294  0.0000  0.0000  0.0000 -0.2078  0.0000  0.0000  0.0000
          0.0000 -0.1843  0.0000  0.0000  0.0000  0.1294  0.0000  0.0000
          0.0000  0.0000  0.0000  0.0000  0.1451  0.0431  0.0000 -0.0353
         -0.1608  0.0000  0.2000  0.0000  0.0000  0.0745  0.0000  0.0510
          0.0000  0.0667  0.0000  0.0000  0.0000  0.0000  0.0000  0.3098
          0.0000 -0.1373 -0.0667  0.0000  0.0000  0.0000
         0.0000 -0.0196  0.0000  0.0000 -0.0275 -0.1216 -0.0196  0.0745
          0.0000  0.0000  0.0196 -0.1216 -0.0980  0.0667  0.0000  0.0000
          0.0000  0.3333  0.0000  0.0980  0.0000 -0.1373  0.0000  0.0000
          0.0000  0.0000  0.1765  0.0000  0.0000  0.0000  0.0000  0.0000
          0.0000 -0.1451  0.0000  0.0824 -0.0745  0.0000  0.2392  0.1608
          0.0000  0.0000 -0.1608 -0.0902  0.0000  0.0000  0.3255  0.0000
          0.0000  0.0000 -0.1373 -0.1137  0.0353  0.0000  0.0000 -0.0275
          0.0000  0.0000 -0.1294  0.0000 -0.2235 -0.0510 -0.1373  0.0000
          0.0000  0.0000  0.0353  0.0000  0.0000  0.0000  0.0000 -0.1529
          0.0000 -0.2000  0.0000  0.0667  0.0000  0.0000  0.0000  0.0000
          0.0000 -0.0667  0.0000  0.0000  0.0275  0.0000  0.3176  0.0000
          0.0000  0.0000  0.0000  0.0000 -0.1765  0.0000 -0.0588  0.0000
          0.0000  0.0000  0.0000  0.0000  0.0000 -0.1373  0.0000  0.0000
          0.1216  0.0000  0.0118 -0.2157  0.0000  0.1608 -0.0667  0.2784
          0.0000 -0.0824  0.0000  0.0000 -0.2549  0.0000  0.0000  0.0000
         -0.0588  0.0000  0.0000  0.0000  0.0745  0.0667  0.0000 -0.0431
          0.0000  0.0000  0.1216  0.0000  0.0000  0.1137  0.0000  0.1216
          0.0902  0.0000 -0.1686  0.0510 -0.0196  0.1686  0.0000  0.2941
          0.0000  0.0000  0.0000  0.0000  0.0000  0.0000
         0.0000  0.0000 -0.0667  0.0000  0.2549  0.0824  0.0000 -0.1451
         -0.0275 -0.0510 -0.1373  0.0000  0.0000  0.0000  0.0000  0.2235
          0.0000  0.3098  0.0000  0.0000 -0.1137  0.0000  0.0000  0.0000
          0.0000  0.0000  0.2314  0.0000  0.0353  0.0000 -0.0510  0.1137
         -0.1765  0.0000  0.0000  0.2078  0.0000  0.0000  0.0000  0.0275
          0.1137 -0.1137 -0.1216  0.0000  0.0000  0.0000  0.3725  0.1373
          0.0000  0.1765  0.0000  0.0000  0.2000  0.0000 -0.1294  0.0000
          0.0000  0.0000 -0.1294 -0.1373  0.0000  0.0000 -0.1216  0.0000
          0.0000  0.0000  0.1059  0.0000  0.0000 -0.1451  0.1294  0.0588
          0.0000 -0.2157  0.0000  0.2000 -0.2471  0.0000  0.2314 -0.0902
          0.0000  0.0000  0.1137  0.0000  0.0000  0.0000  0.3176  0.0000
          0.0000  0.0000  0.0000  0.0000  0.0000  0.0000 -0.1373  0.0000
          0.0000  0.0000  0.0000  0.0000  0.0000 -0.1451  0.0000  0.0000
         -0.1686  0.0980  0.0000  0.0000 -0.0745  0.0000  0.0000  0.2471
         -0.1059  0.0000 -0.1059  0.0000 -0.2157  0.0000  0.0000  0.0000
          0.0000 -0.1216  0.0000 -0.1608  0.0000  0.0000  0.0000  0.0000
          0.0000  0.0000  0.0745 -0.2000  0.0745 -0.0667  0.0000  0.0000
          0.0000  0.0000  0.0000  0.0000  0.0000  0.2863  0.0000  0.3020
          0.0000  0.0000 -0.1922  0.1686 -0.2157  0.0000
         0.0000  0.0000 -0.0902  0.0000  0.0000  0.0000 -0.2235 -0.0667
          0.0000  0.0000  0.0000  0.0000 -0.0902 -0.0196  0.0000  0.0000
         -0.1765  0.1922  0.0000  1.0000  0.2314 -0.1451  0.0000  0.0000
          0.0000 -0.2157  0.1765  0.0000  0.0000 -0.2392  0.0000  0.0000
          0.0902  0.0000  0.0000  0.0000 -0.0824  0.0000  0.0000  0.0000
          0.0745  0.0667  0.0000  0.0000  0.0745  0.0000  0.3412  0.0588
         -0.0667 -0.0980  0.1294  0.0588  0.3961 -0.0353 -0.1294  0.0000
         -0.2000  0.0745  0.0000 -0.1608  0.0000  0.0000 -0.0902  0.0000
          0.0000 -0.1373  0.0824  0.0000 -0.0824  0.0000  0.0000  0.0000
          0.2627  0.0000 -0.0745  0.0000  0.0000  0.0000 -0.1451  0.0000
          0.0000 -0.0353  0.0000 -0.1216  0.0118  0.0000  0.2314 -0.2000
         -0.0745  0.0353  0.0000  0.0000  0.0000  0.0000  0.0000  0.0000
          0.0000  0.0000  0.2000 -0.1373  0.1059 -0.2471 -0.0275  0.0000
          0.0000  0.0000  0.0000  0.0000  0.0000  0.0000 -0.2941  0.0000
         -0.0431 -0.1608  0.0000  0.0000  0.0000  0.0000  0.0000  0.0000
         -0.1294  0.0000  0.0000  0.0000  0.0000  0.0000  0.0000  0.0000
          0.0000 -0.1608  0.0000  0.0000  0.0000  0.0000  0.0000  0.0000
         -0.1451  0.0000 -0.0980  0.0000  0.4431  0.2078  0.0000  0.0196
          0.0000  0.0000  0.0000  0.0000  0.0000  0.0000
         0.0588  0.0000  0.0000  0.0000  0.0000  0.0000 -0.1216 -0.0353
          0.0000  0.0000  0.0000  0.0000  0.0000  0.0431  0.0000  0.0000
          0.0000 -0.0980  0.0000  0.1765  0.1373  0.0000  0.0000 -0.1373
         -0.1216 -0.2078  0.1843  0.0000  0.0000 -0.2314 -0.1294  0.0000
         -0.0667  0.1059  0.0000  0.0000  0.0000  0.0000  0.0980  0.0000
          0.0000  0.0000 -0.0980 -0.2471  0.1137 -0.1373  0.0000  0.0000
          0.0000  0.0275  0.1216 -0.2314  0.1922 -0.2392  0.0000  0.0000
         -0.0980  0.0000  0.1608  0.0000  0.0000 -0.1373  0.0000 -0.1451
          0.0000  0.0000  0.0000  0.0000  0.0000  0.0000  0.0000  0.1765
          0.0000  0.2471  0.0000  0.0000  0.0000  0.0000  0.1216  0.0000
          0.0000 -0.0118 -0.1765  0.0000  0.3333 -0.2078  0.0000  0.0000
         -0.2078  0.0000 -0.1216  0.0000  0.0000 -0.1686  0.0000  0.0000
         -0.0980 -0.1294  0.0275  0.0000  0.0000 -0.2078  0.0000  0.0000
          0.2784  0.2157 -0.1922  0.0980  0.0000  0.0000  0.0000  0.0000
          0.2000  0.0000  0.0000  0.0000  0.0000  0.0000  0.1216  0.0000
         -0.1059  0.0000  0.0000 -0.1216  0.0000  0.0000  0.0196  0.0275
          0.0000  0.0000  0.0000  0.0275  0.0000  0.0000  0.0000  0.0000
          0.0000  0.0000 -0.1765  0.0000  0.5451  0.1922  0.1059  0.0000
          0.0000  0.0000  0.0000  0.1216  0.0000  0.0000
         0.0000  0.0000  0.0000  0.0902  0.0000  0.0000  0.0000  0.0000
          0.0000  0.0000  0.0000  0.0000 -0.0745  0.0000  0.0196  0.1451
          0.0000  0.0000  0.0000  0.1216  0.0000  0.0000 -0.0667  0.0000
          0.1451  0.0000 -0.0431 -0.0824  0.0000  0.0000 -0.1294  0.0000
          0.0000  0.0000  0.0000  0.0000  0.0000  0.0000  0.0000  0.0588
          0.0000  0.0000 -0.1451 -0.1765  0.3255  0.0000  0.0000  0.0824
          0.0000  0.0000  0.0000  0.0000  0.0902  0.0000  0.0000  0.0000
          0.0000  0.0000  0.1137  0.0000 -0.0431  0.0000  0.0000  0.0000
          0.0000 -0.1294  0.0000  0.0000  0.0000  0.0000  0.0000  0.0000
          0.0667  0.2627  0.1373  0.0000  0.0588  0.0000  0.0000  0.0510
          0.0000  0.0000  0.0000  0.0000  0.3961 -0.1137  0.0000  0.1216
          0.0000  0.0000  0.0000 -0.1608  0.0000 -0.0353  0.0000  0.0980
         -0.1608 -0.0510  0.0000  0.0000  0.0000  0.0000 -0.0980  0.0000
          0.1686  0.2941  0.0000  0.0000 -0.1608  0.0000 -0.1843  0.0000
          0.2549 -0.1451 -0.2157 -0.1451 -0.1294  0.0000  0.0000  0.0000
         -0.2235 -0.1294  0.0000  0.0902  0.0000  0.0000  0.0000  0.0196
          0.0275  0.0000  0.0000 -0.0510  0.0000  0.0000  0.0275  0.0000
          0.0000 -0.0118 -0.0275  0.1137  0.1216  0.0118  0.2627  0.0000
          0.0000  0.0000  0.0000  0.0000  0.1608  0.0902
         0.1843  0.0000  0.0000  0.0902  0.0000  0.0000  0.0000  0.0000
         -0.1451  0.0000  0.0000  0.2471  0.0118  0.0000  0.0000  0.0000
          0.0275 -0.0824  0.0000  0.2157  0.0000  0.0000 -0.0275  0.0000
          0.0000  0.0000  0.0000  0.0000 -0.1451  0.0000  0.0000  0.0000
          0.1216  0.2078  0.0000  0.0000  0.0431  0.0118  0.0824  0.1216
          0.0000  0.0000 -0.0588  0.0000  0.0118 -0.1137  0.0000  0.0000
          0.1922  0.0000 -0.0745  0.0000  0.0000  0.0000  0.0000  0.0431
         -0.1765  0.0902  0.2235  0.0000  0.0000  0.0000 -0.2471 -0.1922
          0.0000 -0.0902  0.1608  0.0118  0.0000  0.0000  0.0000  0.0275
          0.0000  0.2706  0.0000  0.0000  0.0000  0.0000  0.0000 -0.0431
          0.0353  0.0000  0.0000  0.1294  0.0510  0.0000  0.0000  0.1294
          0.1529  0.0000  0.0000  0.0000  0.0510  0.0000  0.0000  0.0000
          0.0000 -0.1373  0.0000  0.0745 -0.1922  0.0000  0.0000  0.0000
          0.0510  0.0510  0.0000  0.0000 -0.1451 -0.1922  0.0000  0.0510
          0.2000  0.0000 -0.2314 -0.0902  0.0196  0.0000  0.0000 -0.0196
         -0.1059 -0.0588  0.0000  0.0000  0.0000  0.0000  0.0000  0.0000
          0.0118  0.0000  0.0000 -0.1059  0.0000  0.1765  0.0000  0.0000
          0.0000 -0.0667  0.0000  0.0000 -0.2157  0.0000  0.0000  0.0000
          0.0000 -0.1451  0.0000  0.0000  0.0000  0.0000
         0.3333  0.0000  0.0000  0.1373  0.0000  0.0000 -0.1294  0.0000
          0.0000  0.0000 -0.1137  0.0510  0.0000  0.0000  0.0902  0.0000
          0.0000  0.0000  0.0000  0.1216 -0.0824  0.0000  0.0000  0.0000
          0.0000 -0.1216  0.0000  0.0000  0.0000  0.0196  0.0000 -0.0275
          0.2235  0.3804  0.0000 -0.1608  0.0118  0.0000  0.0000  0.0980
         -0.0980  0.1451 -0.0980  0.0196 -0.1294  0.0000  0.0000 -0.1765
          0.3412  0.0000  0.0000  0.0000  0.0000 -0.1765 -0.0824  0.0000
         -0.1686 -0.0824  0.2000  0.0000  0.0000  0.0118  0.0000  0.0000
         -0.1608  0.0667  0.0000  0.0000  0.0000  0.0000  0.0000  0.0000
          0.0000 -0.1059  0.0000  0.0000  0.1294  0.0000  0.0000  0.0353
          0.0000  0.0824  0.0000  0.0000  0.1294 -0.0196  0.0588  0.0000
         -0.0510  0.0000 -0.1451 -0.2235  0.0000  0.0000  0.0000  0.0000
          0.0000 -0.0353  0.0000  0.0588  0.0000  0.0118  0.0000  0.0000
         -0.0275  0.1137 -0.1059  0.0000  0.0000  0.0000  0.0000  0.0000
          0.0000  0.0000  0.0000  0.0000 -0.0902  0.0000  0.0000  0.0000
          0.0000  0.0000 -0.1765  0.0000  0.0980  0.0000  0.0000  0.0824
          0.0000  0.0000  0.0000  0.0824  0.0000  0.0353  0.0000  0.0000
          0.0824  0.0000  0.0000  0.0000 -0.1843 -0.1294  0.1529 -0.0980
          0.0000  0.0000  0.0000  0.0000  0.0000  0.0000
         0.1922  0.0000  0.0196  0.0000  0.0000  0.0824  0.0000  0.0000
         -0.0902  0.0000 -0.0824  0.0000  0.1451  0.0000  0.0000  0.0000
         -0.0588  0.0000  0.0000 -0.1608  0.0000  0.0000  0.0000  0.0000
          0.3020  0.0000  0.0000  0.0000  0.0000 -0.1137  0.0431  0.1608
          0.3333  0.2000  0.0000  0.0000 -0.0431  0.1529  0.0000  0.0000
          0.0000  0.0588  0.0196  0.1137  0.0000  0.0000  0.0000 -0.0824
         -0.0196  0.0000  0.0000  0.0000  0.0000  0.0000 -0.2314  0.0000
          0.0000  0.0000  0.0902  0.0000  0.0275  0.0000  0.0000 -0.0353
          0.0000  0.0000  0.0000  0.0000  0.0000  0.0000 -0.1059  0.0000
         -0.1294  0.0000 -0.1922  0.0000  0.0000  0.0000 -0.1608  0.0000
          0.0000  0.0902  0.0000  0.0980  0.0000  0.2157  0.0000  0.0000
         -0.0431 -0.0431 -0.0118  0.0000  0.1608  0.0275  0.0000 -0.0196
          0.0000  0.0745  0.0000  0.0000  0.0000  0.0000  0.0000  0.0000
         -0.0667  0.1373  0.0000  0.0000  0.0667 -0.2235  0.0000  0.0275
          0.1059  0.0588  0.0000 -0.0118  0.0000  0.0000  0.0000  0.0000
         -0.0353 -0.0980  0.0510 -0.0824  0.0000 -0.1059  0.0000  0.0000
          0.0000  0.0353  0.0000  0.0000  0.0000  0.0824  0.0510  0.1137
          0.0000  0.0000  0.0000  0.0000  0.0000 -0.0353  0.0000  0.0000
          0.0000  0.0000  0.0000  0.0000  0.0000 -0.1922
         0.2549  0.0000  0.0000 -0.0980  0.0000  0.2235  0.0000  0.0000
          0.0000  0.1294  0.0000  0.2549  0.0000 -0.1373  0.0000  0.0000
          0.0000  0.0000  0.0000 -0.3020  0.0000  0.3569  0.0000  0.0000
          0.2941  0.0000 -0.1373  0.0000 -0.2392  0.0275  0.0000  0.2627
          0.0000  0.0000  0.0000 -0.0902  0.0000  0.0000  0.0667 -0.0745
         -0.0588  0.1608  0.0000  0.0431  0.0000  0.0980  0.0000  0.0000
          0.0000  0.0000 -0.1451 -0.0745 -0.0510  0.0824  0.0000  0.0000
         -0.0824  0.0000  0.1137  0.0118  0.2784  0.0000  0.0000  0.0000
          0.1216  0.0000  0.0000  0.0275  0.0000  0.0000  0.0000 -0.0275
          0.0000 -0.1373  0.0000  0.0000  0.0000 -0.1059  0.0000 -0.2078
          0.0000  0.0000  0.0000  0.0745  0.0000  0.2706  0.0000  0.0000
          0.0000  0.0000  0.0000  0.0000  0.0000  0.0980  0.0000  0.0000
         -0.2314  0.0000  0.0000  0.0000  0.3647  0.0000  0.0000  0.0000
          0.0000  0.3961 -0.1216  0.0000  0.0000 -0.0980  0.1216  0.0000
         -0.1686 -0.1216  0.1373  0.0000  0.0000 -0.1137  0.1686  0.0000
         -0.1137  0.0000  0.0000  0.0000  0.0000  0.0000  0.0000  0.0000
          0.0000 -0.0824  0.0000  0.0000  0.1216  0.0353  0.0000  0.0000
         -0.0980  0.0000  0.0000  0.0000  0.0275  0.0000  0.0000 -0.0118
          0.0000  0.0000 -0.1765 -0.0745  0.0000  0.0000
         0.1922  0.0000  0.0000 -0.1608 -0.0745  0.0000 -0.0196  0.0000
          0.0000  0.0000  0.0000  0.0000 -0.0902  0.0000 -0.1137  0.0000
          0.0000 -0.1294  0.0902  0.0000  0.0000  0.1294 -0.1216  0.0000
          0.1686  0.0000 -0.1765  0.0000  0.0000  0.4039  0.0000  0.0745
         -0.1922  0.0000  0.1059  0.0000 -0.0980  0.0000  0.0000  0.0745
          0.0000  0.2471  0.0431  0.0000  0.0000  0.1216  0.0000  0.0000
          0.0000 -0.0902  0.0000  0.0000  0.0000  0.2078 -0.0196  0.2157
          0.0000  0.0000  0.0000  0.0000  0.1451 -0.0902  0.0000  0.0000
          0.0000  0.0000  0.2000  0.1451  0.0000  0.0000  0.0000 -0.1765
          0.0000  0.0000 -0.1529  0.0000 -0.0824  0.0000 -0.0196  0.0000
          0.0000  0.1373 -0.0353  0.0000 -0.0667  0.2078 -0.0902  0.0000
          0.0000  0.0000  0.0980  0.0000  0.0000  0.1059  0.0000  0.0000
          0.0000  0.0000  0.0000  0.0000  0.0353 -0.0667  0.0000  0.0118
         -0.1608  0.1529  0.0000  0.0000  0.0000  0.0000  0.0000  0.0000
          0.0000  0.3098 -0.0353  0.0000  0.0000  0.0000  0.0000 -0.0824
          0.0000  0.0000 -0.1294  0.0667  0.0000 -0.1294  0.0588 -0.0510
          0.0000  0.0000 -0.1137  0.0000  0.0000 -0.1137  0.0000  0.0000
          0.0000  0.0000 -0.0431  0.0000  0.0824  0.0000  0.1216  0.0000
          0.0000 -0.0745  0.0000  0.0000  0.0000  0.0000
         0.1059  0.0000  0.0000  0.0000  0.0000 -0.1137  0.0510 -0.1059
          0.0000  0.0000  0.0000  0.0000  0.0000  0.1843  0.0000  0.0000
          0.0000  0.0000  0.0000  0.0000  0.0118  0.0000  0.0745  0.0000
          0.0000 -0.0902  0.0000  0.0000  0.0000  0.3961  0.0275  0.1529
          0.0000  0.0196  0.1059  0.0000  0.0000 -0.0431 -0.0353  0.0000
          0.0000  0.0824  0.1765 -0.0431  0.0000  0.1059 -0.1451 -0.0902
          0.0745  0.0000 -0.0588  0.0353  0.0000  0.0000  0.0000  0.0000
          0.0000  0.0000  0.0000  0.0000  0.0000  0.0000  0.0000  0.0000
          0.0000 -0.0196  0.0000  0.0000  0.0000  0.0000  0.0000  0.0000
          0.0000  0.0000  0.0000  0.0000  0.0667  0.1294  0.0000 -0.0667
          0.0000  0.0000  0.0000 -0.0745  0.0000  0.0980  0.0000  0.0000
          0.0000  0.0000 -0.0196 -0.0588  0.1059  0.0000  0.0000  0.0000
         -0.0980 -0.0902  0.0000 -0.0745  0.0745  0.0000  0.1294 -0.0980
         -0.2784  0.0000  0.0000  0.0000  0.0000 -0.0667  0.0431  0.0000
          0.0510  0.0980  0.0000 -0.0353  0.0000 -0.0510  0.0000 -0.0667
          0.0000  0.0000  0.0000  0.1686  0.0000  0.0000  0.0196  0.0000
          0.0000  0.0745  0.0000  0.0353 -0.0275  0.0745  0.0000  0.0000
          0.0000  0.0000  0.0431 -0.0353  0.0902  0.0000  0.0000  0.0000
          0.0000  0.0000  0.0000  0.0000  0.0000  0.0000
         0.0000  0.0000  0.1843  0.0000  0.0745 -0.1529  0.0000 -0.0667
          0.0000  0.0000  0.0000 -0.1529  0.0510  0.0000  0.0000  0.0000
         -0.0510 -0.1137  0.0000  0.0000  0.0000 -0.0510  0.0902  0.0000
          0.0000  0.0000  0.0000  0.0196 -0.0353  0.2471  0.0000  0.0902
          0.0000  0.0000  0.1137  0.1059  0.0000  0.0000  0.0000  0.0000
          0.0000  0.0000  0.2784 -0.0588  0.0824  0.0196 -0.1451  0.0000
         -0.1294  0.0000 -0.1216  0.0000  0.0000  0.0000  0.0000  0.0000
          0.0118  0.0000  0.0000  0.0000  0.0196  0.0000  0.0000  0.0000
          0.0000  0.0000  0.0000  0.0196  0.0000  0.0000  0.0510  0.0824
          0.0000  0.0000  0.0000  0.0000  0.0000  0.0588 -0.1294 -0.1843
          0.0000  0.0000  0.0510  0.0510  0.0000  0.0000 -0.0902  0.0000
          0.0000  0.0000  0.0000  0.1686 -0.1373 -0.1137  0.0000  0.0000
          0.0000 -0.1373  0.0000  0.0000  0.0000  0.0000 -0.0118  0.0000
         -0.1765  0.0000  0.0000  0.1137 -0.1608  0.0000  0.0000  0.0000
         -0.1216  0.0000  0.0000  0.0000  0.0000 -0.1216  0.0000  0.0000
          0.0431  0.0000  0.0000  0.0000  0.1686  0.0000  0.1137  0.0118
          0.0745  0.0353  0.1765 -0.0902  0.0000  0.0000  0.0000  0.0588
          0.0000  0.0000  0.0000  0.1294  0.1451  0.0000  0.0980  0.0353
         -0.0824  0.0000  0.0000  0.0000  0.0000 -0.0510
        -0.1608  0.0353  0.3020 -0.1216  0.0000  0.0000  0.0000  0.0000
          0.1373  0.0000  0.0000  0.0000  0.2000  0.0000  0.0000  0.0000
         -0.1137  0.0000  0.0000  0.1294  0.0000  0.0000  0.2627  0.0824
          0.0000  0.0667  0.0000  0.0000  0.0000  0.2627 -0.1843  0.0118
          0.0000  0.0196  0.2549  0.0000  0.0588 -0.0275 -0.0902  0.0000
          0.0000  0.0000  0.3176  0.0000  0.1451  0.0000 -0.2000  0.0000
         -0.1373 -0.0980 -0.0824  0.0000 -0.0588  0.0000  0.0000  0.0000
         -0.0902  0.0000 -0.1137 -0.0824  0.0000  0.0000 -0.1216  0.1608
          0.0000  0.0000  0.0000  0.0000  0.0000  0.0353 -0.0824  0.0000
          0.0000 -0.1373  0.0275  0.0000  0.0000  0.0000 -0.0902  0.0000
          0.0000  0.0000  0.1216  0.0000 -0.0824  0.0000  0.0000  0.0902
          0.0000  0.0000  0.2157  0.1373  0.0000 -0.1608  0.0000  0.0000
          0.0000  0.0000  0.0000  0.2392  0.0000 -0.0667  0.0824  0.0000
          0.0000 -0.1529  0.0000  0.0000  0.0000  0.0000 -0.0745  0.0000
          0.0000 -0.0510  0.0000  0.0000  0.0000  0.0000  0.0000  0.0000
         -0.1059 -0.2392  0.0000  0.0000  0.0000  0.0000  0.0000 -0.1137
          0.0000  0.0000  0.0118  0.0118  0.2471 -0.1294  0.1373  0.0000
          0.0000  0.2000  0.0000  0.0000  0.0000  0.0000  0.0000 -0.1137
          0.0000 -0.2706  0.0000  0.0000  0.1294  0.0000