0.0332  0.5135  0.1691
           0.7780  0.5665 -1.1409
          -2.0649 -0.5433 -0.4159


         0.0911 -0.7820  0.9674
          -0.4119  0.0323 -1.4199
          -0.0503  0.8192  0.5422


        -1.5897  0.4037  0.3508
          -1.0118  0.2698  0.2647
           0.3816  0.5403 -0.3216


        -0.0371  0.3635  0.1210
           0.3688 -0.8072  0.2706
           0.0318  0.3187 -0.7378


        -0.0363 -0.9464  0.7491
           0.7565  0.2904  0.2700
           0.5461 -0.6887 -0.7462


         0.8571  0.1563  0.4531
           0.4380  0.5650  0.9960
           0.6340  0.3470  0.3959