23
   18
   26
   57
   34
   19
   61
    7
   63
   56
   74
   67
   39
   60
   26
   31

   5
   74
   10
   58
   10
   33
   47
   33
   38
   50
   22
   11
   23
   10
   31
   75

  31
   69
   55
   31
   93
   46
   63
  110
   22
    8
  112
   98
   17
   19
   46
   33

  14
   44
   25
   52
   27
  105
    9
   69
   88
   37
  108
   21
    7
   24
   38
   21

  32
   73
    5
   90
   32
   78
   43
   89
   54
   35
   57
   58
  181
   34
   39
   53

  78
   84
   30
   51
   21
  138
   58
   83
   25
  110
   70
   78
   48
   63
   35
  106

  84
   64
   64
  114
   56
  115
    2
   37
   10
   58
   15
  109
  129
   41
   52
   34

  16
    8
   30
   51
   56
   42
   46
   22
   11
   23
    8
   40
   38
    4
   39
   18

  21
   20
   57
   42
   93
   28
   50
   67
   51
   44
    9
   52
   30
   11
   14
   23

  40
   39
   17
   60
   34
    7
   61
   38
   33
   78
   80
   35
   71
  118
   27
   61

  50
   69
   20
    7
  111
   53
    5
  163
    9
    4
   48
   17
   41
   60
   78
   35

  42
   45
   16
   20
   49
   69
   55
   49
   88
    4
   84
   58
   87
   88
   10
   25

 167
   35
   19
   14
   31
   51
   27
    3
   28
   26
   48
   49
   27
   13
   42
  167

  87
   31
   40
   28
   76
   44
   96
   97
  110
   84
   48
   92
   70
    5
    1
   59

 104
   53
   53
   44
   18
   55
    7
   67
  139
   46
   22
   49
   73
   95
   93
   12

 113
   10
   85
  128
   60
  181
   28
   20
    5
   47
   17
    3
   26
    4
   16
   30