71
   17
   32
   44
   50
   16
   57
   30
   55
   57
   56
   34
   53
   35
   19
   12

  16
   30
   12
   23
    5
   44
   36
   46
   65
   70
   24
   13
   47
    6
   73
   25

  26
   84
   44
   28
  110
   54
   64
  164
   33
   12
  136
   38
   78
   26
  109
   38

  19
  109
   21
   23
   38
   77
   10
   64
   51
   65
   36
   27
   26
   15
   86
   25

  15
   33
   44
   21
   23
   58
   33
   60
   41
   29
   48
  122
   82
   65
   21
   74

  46
  111
   42
   27
    4
   84
   87
  144
   24
   53
   80
   52
   79
   65
   48
  149

  51
   48
   32
   97
   76
  106
    2
   29
    3
   55
   40
  102
  112
   65
   46
   54

  17
   15
   18
   57
   46
   84
   71
   12
    9
   16
   31
   48
   50
    6
  124
   21

  33
   55
   82
   16
   39
   12
   94
   36
  199
   33
    2
   85
   43
   29
   48
   29

 121
  218
   82
   74
   70
   14
  129
   53
   43
   76
   77
   16
   10
   18
   46
  155

 123
  127
   56
    5
  126
  100
   12
   68
    9
    6
   33
   22
  141
   74
  122
   25

  63
   95
   46
    7
   10
  114
  133
   92
  101
    2
   68
   95
   64
   65
   66
   29

  53
   27
   58
    5
   75
   22
   37
    4
   32
   31
   49
   43
   45
   15
   35
   94

 170
   43
   56
   54
   77
   54
   90
   85
   60
   58
   79
   38
   44
   82
    1
   97

  94
   28
   35
   47
   13
   63
    6
   52
   99
   95
   49
   72
   68
   82
   70
   29

  78
   19
  139
   39
   77
  175
   35
   10
    7
   25
   14
    1
   28
    1
   18
   26