14
   12
   15
   28
   31
   24
   60
    7
   82
   35
   62
   18
   42
   24
  121
   20

   4
   24
   13
   43
    2
   25
   24
   26
   46
   54
   18
   12
   61
    5
   41
   53

  15
   71
   29
   13
   59
   32
   52
  171
   42
    8
  104
   38
   33
   21
   46
   21

  33
   55
   22
   20
   34
   68
   11
   82
   73
   50
   91
   31
   17
   66
   64
   23

  23
  124
   22
  133
   17
   80
   36
   78
  107
   24
   23
   63
  118
   34
   43
   36

  20
   82
   23
   39
   17
   47
   57
   58
   21
   50
   51
   43
   62
   31
   29
   80

 102
   79
   86
  129
  155
  183
    3
   14
    2
   45
   13
   45
  123
   66
   40
   33

   1
    3
   21
   46
   47
   21
   98
   15
    8
    5
   14
   17
   30
    5
  171
   21

   3
   34
   64
   28
   56
   31
   51
   21
   19
   29
    9
   54
   21
    7
    5
   63

  19
   33
   23
   84
   32
   29
   55
   17
   44
  124
   78
   15
   55
   90
    2
   66

  63
   84
   82
   11
   11
   47
   15
   85
    4
    4
   23
   15
   26
   52
   69
   15

  23
   53
   24
   17
   40
  107
  113
   89
  101
    2
   17
   50
   37
   23
    4
   28

  18
   24
   25
    5
   60
   34
   63
   35
   50
   32
   76
   89
   24
   42
   81
   78

 165
   19
   34
   10
    9
   46
  103
   91
   83
   51
   64
  152
   37
    8
    2
   72

  91
   22
   35
   34
   22
   52
   23
  112
   83
   62
   43
   70
   80
   35
  108
   29

  61
    7
   82
   81
   79
  204
   26
    6
    7
   23
   12
    1
   14
    5
   22
   30