0.2659117   0.22374862 -1.0235153  -0.19660875  0.68791217
    -0.9175351 

   0.00600479 -0.02712421 -1.5594605   0.04869918 -0.67237896
     1.1797413 

  -0.24556904  0.03737382  0.58190733  0.17513193  1.6501775
     0.43571138


  0.24658643 -0.24841228  0.23158938 -0.12863012  1.559226
    -1.0616279 

  -0.21738699 -0.21333069 -0.936786    0.3748131   1.0881155
     0.38498205

   0.00226786 -0.08495508  1.2278374  -0.3121048  -1.5918261
     0.69309646


  0.03543328 -0.07689046  1.4317774  -0.09486778 -0.2469648
     1.5568073 

  -0.31808305 -0.21707812  0.6614995   0.38073188  0.11785951
     0.56740856

  -0.17808495 -0.08536123  1.0629796   0.18056245 -0.31348893
    -1.5707024